1872,0.02237700058553082,1.737103715425404,0.046287413820572165,0.01914574237804769
2527,0.9770219327867188,0.42579574458454056,0.05712769114792958,0.02365876198616377
2763,0.9774693624387722,1.977319280988872,0.0546885225637935,0.028689436021269728
2859,0.9767826436268405,1.6292561600414648,0.052674967646283294,0.02745534072745218
3123,0.9778905682834981,1.4012218243122259,0.04337510798875013,0.035653506758859387
13580,0.9645039045137024,1.9357116079903525,0.06295928146203753,0.15967198676436975
13977,0.13216827781252946,0.025651048713705427,0.054149333198965185,0.1897483395645838
14301,0.18439491541932918,0.02590000935605577,0.054629104221313785,0.074999662034301
14468,0.438688461124934,1.9620971410496315,0.0380469447309163,0.10970499362087252
14507,0.9563421067777468,0.3515760745807276,0.04043842792414749,0.023968026082716625
14820,0.0712530829132391,1.5526865295432186,0.05844095356726535,0.03168481109261721
14861,0.3225368672911459,0.02411294001791544,0.043483357944877746,0.025417893613988038
14936,0.8355540029578673,0.3437726827741938,0.040465369373210866,0.08639327142539392
15063,0.5078070317752285,1.247266414825892,0.047092694589241674,0.04843454842765173
15084,0.398733309830389,1.9752553024408956,0.05375861999459419,0.09586923893664084
15097,0.6944596176826173,0.02341573240669193,0.04835903532818791,0.027854312458898228
15137,0.23701268911598003,0.3545451005671096,0.047617569432865686,0.028413924975447917
15154,0.1818183742591264,0.8444468839431205,0.051259960620983355,0.03216990133296499
15421,0.15399078153487572,0.0811101615386716,0.04327619960065088,0.5594445608566352
15524,0.6705311799099747,0.2520352569054748,0.05515782172973595,0.02977079640264119
15546,0.08909578246218178,1.5623940834480348,0.052838242447123665,0.021775652741883488
15598,0.7318555392062717,1.1780857569195318,0.04672077724109899,0.04734742237218964
15608,0.21657423705756212,1.2962806577721513,0.04502599925813258,0.047040362554428214
15659,0.7072747360106383,1.6603253323457157,0.06013512870939412,0.016397782754973687
15732,0.38769332406807755,1.576007909952191,0.05240095828085585,0.062119018830833636
15777,0.9233916496179487,1.9786259355336917,0.06980477594295034,0.04248452432301673
15953,0.41947758909895005,1.9773569015012984,0.060726391729107,0.03426456906857116
15968,0.049230918368193675,1.277549570933925,0.06264317980327129,0.0869666905253954
16044,0.7522367355584996,0.6135534158256312,0.06135553490894949,0.030209805812524405
16081,0.8446183826083933,1.9297014700772945,0.022293170471955566,0.03830040049463355
16207,0.5067691918077334,1.9728013147691172,0.045261334568248345,0.14041088671232355
16318,0.9379660099141987,1.8611546392027536,0.03613593666936359,0.03550548302595551
16378,0.21780622406958638,0.5559960375865513,0.017670653978455093,0.01803731230933678
16382,0.9546167157318391,0.11585431003731395,0.05210513238522257,0.055365321861784986
16437,0.19748837594373583,0.037157941621233176,0.06918268275668132,0.35372586399119393
16458,0.14557134045188314,1.9763368171638154,0.06296912664346643,0.042080492126688664
16521,0.6600918281794756,0.01896344500166996,0.028993157834358064,0.19107150462977893
16663,0.08241588822115939,0.5967742456458969,0.045477222776656855,0.041704557991992616
16679,0.1910099116617609,0.9132826778106031,0.05152317049423766,0.3402048007981392
16708,0.05190630161945754,0.3249478487372792,0.031652923586754214,0.054615839071513655
16708,0.48430606502765167,1.9735795277522812,0.051572895038340616,0.22224151670288733
16728,0.8374355409785115,1.9796744766754817,0.06650374117406911,0.04306009755686979
16737,0.7092134684351549,1.1752978487815535,0.052884472391201115,0.02956156183796149
16749,0.7315831093952926,0.4753247160891084,0.05085323212087492,0.39447230221132046
16871,0.17749231510894042,1.6226504553953787,0.04665223282510493,0.5631452194981469
16945,0.8889255970014526,1.1770577908348814,0.054463518048621214,0.5623113091574414
16946,0.3421162964316966,1.303381505746264,0.06293897249287485,0.02848062293687703
16957,0.08190231427132567,1.9799784696611602,0.06301206188499862,0.022003683260041422
16965,0.4021024924565608,0.09952914246384668,0.06352279540452475,0.029608816775049368
17110,0.3895788226751547,0.8641719631103865,0.06173864188422081,0.28001703758798635
17120,0.5846826565573667,1.6896435646732644,0.045321128545731476,0.19128915365859056
17168,0.25533351875003346,0.023205710421721572,0.056422861430442936,0.15334915510520647
17168,0.6331801509803204,1.964690470240811,0.057222382394613996,0.1361548552505232
17273,0.4012312776949774,0.5416799129974599,0.06817013018395625,0.07073470612440513
17246,0.21196330044296427,1.682071232373262,0.051952419685363335,0.5441288393290887
17457,0.7457035283522782,1.6067388013222224,0.05233033744871052,0.2812212232076141
17546,0.8339053416665442,1.3824431030802606,0.035288341262024396,0.08556218117531203
17625,0.3851116392478868,1.8677837078384794,0.06238090912061617,0.03714431297697723
17735,0.7161588210991693,1.8304369147614323,0.04992186080232804,0.25661513706154593
18007,0.9270708130348331,1.0887595762711189,0.043010425028391336,0.05967063381222535
18044,0.678809122275534,1.531638859222169,0.08019770198895941,0.024277564463597655
18091,0.9025762209224453,1.8232089603449704,0.05723530592096966,0.587265458031039
18270,0.07095850308708165,0.9502757191579804,0.05007134895204241,0.30424970607825064
18394,0.8788607029945893,1.1476573341844496,0.05974291904437641,0.05963770624327609
17583,0.5094935546245181,0.3828196516533632,0.05048993269882577,5.2692727518466205
20036,0.055434545461315224,0.5195661088785398,0.04943765043618744,0.22131862589818285
20097,0.9032135274864574,0.023032669260941302,0.05575374493561733,0.030001423034159286
23026,0.8382081786134891,0.14689089022310098,0.05568317324999917,0.8763644600856519
26289,0.06852883371873551,1.9094872576526778,0.02595427473316653,0.1706833894158064
26312,0.7934747136996054,0.13849534790145362,0.06647894434436591,1.6064769458677977
27812,0.8711603265898926,0.2244399210284456,0.05316607406360531,0.5816585537426224
27863,0.6427911352825135,0.5431819683635781,0.061428346155652264,2.023708407530555
27899,0.2899523594455976,1.9203906001599007,0.05626932059607301,0.09531900605569905
28125,0.2813557481208168,1.0190724110388738,0.048512542662785624,0.06312235564691332
28230,0.09778647711689188,0.8286634012635977,0.026978320565451498,0.6330057187110665
28615,0.9314771577113587,1.9361760233333334,0.06391557062762251,4.055648960696725
28679,0.8687614759455888,0.21246379004858573,0.052247390716946174,5.634839591443554
28895,0.0856040121983489,1.1240521265669379,0.07244027240336798,1.5384925185067349
20013,0.5025252715958466,0.9999608270386474,0.05045108406360842,912.429326968443
29061,0.8134629633308552,1.6171071884372514,0.05419915579640808,3.879214677015308
29179,0.9528148916480509,0.03079066176049657,0.05251054618277355,0.4857320231388708
30035,0.04687190380696034,1.8561714966119913,0.0591413910234839,1.3008292745361132
30054,0.0695158349365847,1.4060578422328913,0.06830844789559037,3.1407109779549964
30062,0.8047316219113819,1.4589463828574085,0.027190912645152835,0.057496572090547315
30129,0.19026880619494388,0.24051170178087034,0.06420648808006879,3.0498671093753815
30029,0.33147944063887513,0.6654353287719833,0.050198040983701696,59.99381637958651
30186,0.374745969351371,1.6960884068158342,0.0488716282421848,0.9132612010468314
30284,0.8945978391355921,1.13129227799615,0.05725782272775947,1.9160341679672106
30365,0.9463509278752695,0.052437596637644524,0.04480106506610407,1.072382714319794
30549,0.7537513307106211,1.1887400317787518,0.04301751482564447,0.6878051178607612
30507,0.10584164557459136,0.3351856755804425,0.0650833917067334,6.541186212675829
30683,0.13037379483557643,1.0955081349302165,0.07902913491753227,0.3409944537476154
30676,0.7989488317482398,0.3380415361886583,0.056266856670716035,36.37000217973002
30325,0.5354027902825671,1.4247293073124647,0.047988848582945685,156.64691919461617
31267,0.2550242258821418,0.7613502619510183,0.07865845902803914,0.11913685816542188
31331,0.17611197054783045,1.311806190536336,0.046899976739211556,3.685437607645105
31442,0.03246144760044391,1.5995014845588387,0.0826733149698255,0.11917281470807953
31487,0.23879715469730922,0.9097589483916172,0.048550999218626406,9.339178526432997
31541,0.327030150111744,1.4034600757467224,0.0576590300739691,0.025694713348547747
31736,0.1394986271773859,1.8732983793585802,0.05816348060847247,14.15480485177308
31948,0.5202490538496327,0.2855476283646515,0.022214715565746366,1.1628199749446415
31046,0.5271519823940176,0.7868891367152158,0.05299513376716463,198.92201572164893
32271,0.1425585843752924,0.673180367851433,0.046694823510953685,4.512927230241478
32401,0.850639796056514,0.5294823365144161,0.017637894464480202,0.29893424596620616
32554,0.8038199663818784,1.6469529842843158,0.045095789557541156,4.160505213940221
32575,0.8482307245140233,0.815836166452486,0.05138768726149542,0.9513637783302016
32606,0.05193519376701468,0.3713465022651858,0.050114597705318925,5.237495673657525
33009,0.9531734753839092,0.7335307838944782,0.0583642437217044,4.12058635598527
33024,0.5747721871827357,1.8979172486685303,0.027946631703163752,0.4364476092225716
32428,0.4073516842704388,0.9211175118901977,0.050352960097572494,150.39669122740466
33056,0.5435608185773959,0.9394708496155569,0.05180127354775371,6.403493063688493
33297,0.17733055556285238,0.512119796037118,0.01901995862641985,0.29580196775750317
33306,0.49184972323804554,0.10909647422969233,0.024643981013820163,2.086563790572875
33425,0.6526213360699731,1.1438341858083887,0.05262937162330207,119.0114300447562
33496,0.8962047070580551,0.05717788783047657,0.030042201302957844,15.42838973136028
33554,0.17197451783378956,0.9150124733313411,0.026504418270913918,4.665721239370979
33676,0.2181601080717349,0.1017218909093814,0.06609867934666476,6.516851016777328
33725,0.21429444978386908,1.4609729149253017,0.05287127582564013,0.16560430660051223
33808,0.5555343975799075,0.8909893870678414,0.05902153998583675,29.781791700131755
33957,0.554660989759172,1.569448101435711,0.04998722563510436,52.54829015668173
34095,0.9203493131530607,1.7411006709726375,0.04669015118177337,2.8295139263762783
34098,0.07632453902397941,1.445582253059018,0.04394811196246605,3.9427431779423117
34126,0.3929201690345293,1.12285506800291,0.07416745030364212,1.6712816592347133
34175,0.9095650156540882,0.609162591078138,0.04536006336488064,3.4662441067996403
34333,0.9195511531778678,1.2747167071784005,0.07417492464300583,0.12741224639640347
34421,0.6373112183542339,1.8060663727861945,0.07266861641929037,5.277213455796082
34540,0.23269995355694775,1.7621822921910186,0.03512903475897712,7.515135289948448
34108,0.31207746019521426,0.5742369606856721,0.05121875239016359,125.35588807012711
34607,0.07917930550489231,0.14423278435387463,0.019004329555124468,0.1077121215948028
34897,0.5085332758435972,0.38523621177980044,0.040100413925559825,7.990457092644132
34948,0.8966949658800256,0.30330494141040887,0.036337298185102604,20.43348183010255
34774,0.5850169824751584,1.1705334159632996,0.045458805197577834,75.60981079837543
34990,0.24376163640487092,0.547092168182848,0.02369750577198971,0.13099125123389427
35042,0.9442863447040077,1.6128694120307987,0.02463402405365015,0.6080025072265275
35176,0.3285171954981518,1.922308113244738,0.052889527492267815,1.8776424906114597
35394,0.9530508988348075,1.1413256356134878,0.049869609715908904,16.709722278163532
35405,0.2211535550752033,1.4707547319362713,0.0417744430805885,24.977058922650574
35535,0.6171928621813532,1.2853239826645524,0.06807431877327727,4.188518245771785
35588,0.11243368679670732,0.526603840640387,0.07698842940629608,0.6867082578411606
35603,0.3126877890616949,1.0775312743458216,0.05035905310499206,14.431221125283397
35478,0.6135294729988863,1.6089750576634223,0.055056506801050634,30.008428309852633
35677,0.5882034698342983,0.06318448240101689,0.04684521702765081,0.5485665847314194
35704,0.9012207142295526,0.09756623105865073,0.06035076881882695,13.024478304240537
35655,0.2211956325266283,0.7482281753900999,0.05608869093586404,10.672472859996438
35881,0.07254555825318273,1.237990818184584,0.07331020406003316,0.7536940585489661
35939,0.11849342065812273,1.8212326366238447,0.062367761229962695,27.691206547894147
35733,0.43129083786727523,0.22200437276523058,0.05708549239402231,27.422070761776364
36259,0.921751678109498,1.7162494201824414,0.047996054167351074,8.666489074167723
36223,0.42875883151005906,1.172975145977799,0.04864261656072886,93.87579331456666
35960,0.8260641602610582,0.8241019763680614,0.05546874219286059,28.782473527738446
36179,0.12372662151999617,0.3306621135229382,0.05184692558615158,39.68136831779743
36562,0.7434208541479016,0.11541695483084975,0.04913215150517493,11.101425169346737
36504,0.2960914338503664,0.5959588227012507,0.044228326428717206,35.29826687320156
36582,0.9357961079501363,0.8573571289536338,0.04639120794733086,12.056158105219453
36571,0.8887799379684544,1.3812431185637444,0.0600046531987492,11.104392288095067
36829,0.6877229516008192,1.8108206102401982,0.05041535402549789,27.094613142156067
36871,0.5769551132045514,1.3254807102449273,0.04566870233032477,3.055465879351214
37113,0.812931776220032,1.4755157012523188,0.05537719743763948,3.5318870011834087
37120,0.06344791286058199,1.6649355162737816,0.045651360319378276,5.132552355110973
37127,0.8318383742668056,1.0376393660218668,0.038189548944559504,9.68841884179468
37279,0.34148266017233064,0.12717679095114443,0.0538072090479928,34.42333815690091
36954,0.6108676626132031,0.5166036161683091,0.05657603979543438,87.85714090913474
37577,0.07415705227859953,1.9414480728302388,0.0674152419724824,1.0646230313655145
37665,0.7766976033900979,1.8091911054469234,0.054997636748398,1.7030529066333306
37729,0.17022741599505156,1.1192905668069661,0.06007088439680584,14.42195037609228
37327,0.21224790561841542,1.520975928971276,0.04881774502391426,36.722091603639115
37798,0.02976240460005377,0.2050995087827053,0.04685546782143702,1.4197525187546252
37919,0.5918139442966674,0.6980651023500286,0.05062588512252396,4.682999525288298
37980,0.0673564852577637,0.5900407844329482,0.028160333435374187,3.6412998354684585
38031,0.8189519188803275,0.12481502993859318,0.05297916520000312,23.217084880966347
38071,0.9636780878448075,0.5336136893303212,0.06070216112491575,6.080938764800751
38175,0.48701564238862527,1.5432147587451195,0.052366782267471775,89.2539492166914
38212,0.3001816009972011,0.6970517297191872,0.050812454175202644,160.566411141368
38371,0.10262455272572485,1.7774306451397353,0.055391261079524044,3.2439405590499533
38647,0.7631859412040264,1.8888293646168035,0.07747268919985618,0.1397571721839102
38579,0.5822073967987871,0.1077802969719816,0.050822130933883075,6.599037813786284
38671,0.6728760849345197,1.2908269728480293,0.0514357698489018,134.16642845715378
38772,0.18945252952390623,0.8682940476705305,0.022376609528583565,1.46994876028367
38887,0.42492502644037927,0.5842718699646859,0.05323176231722704,12.945187438579183
38950,0.9418112457926906,1.7228970402208903,0.0415313950652911,8.984610549680317
39003,0.861677304955405,0.431342655279629,0.03147241805973107,2.0279017121811824
39108,0.9593013237287215,1.374112788064434,0.0496108926981053,2.0228051901063155
39137,0.11807391145505083,0.3131914732958686,0.048942248903204685,169.0001513927997
39391,0.4512738871233111,1.6791288490676506,0.05693009953104994,108.37985576643119
39313,0.663249282562326,0.963505304264272,0.04650133689491743,126.85810836132788
39542,0.6278135698547287,0.43274862300431205,0.04017195085963761,0.8336995675271127
39741,0.9445021014695927,1.7338755029511077,0.041378525603699784,10.085590914390098
40032,0.6120293301252665,1.681375398664238,0.02729031623098961,11.54901624757221
40053,0.5766779898380812,1.0333900238581928,0.05958930647415564,2.564240595743412
40106,0.3531453438161419,1.4290203735106994,0.05635325728849992,2.717441391297903
40075,0.3602881113016198,0.9240346984566615,0.050422027377929,6.078666627029074
40127,0.7700800719412735,0.5948379957018465,0.03185424680571428,4.780512978481357
40158,0.8659637760350897,0.2769092330008785,0.03236492438045772,6.258421477428752
40338,0.39643402649027726,1.1981754257722879,0.023590424841952957,1.9751043931336691
40381,0.3506657570191166,1.7158188345170888,0.07869683092149937,0.09312534391860072
40574,0.8079304861280953,1.8934145916679872,0.020528872155368024,4.821524327819854
40606,0.24808600695204538,1.377004731851845,0.052748658922595476,5.667367358264061
40888,0.1711176714280676,0.7308285336068423,0.02900967026267868,44.94774934039495
40950,0.3298414664068675,1.4648685588995523,0.05064641317396299,17.902920718025452
40969,0.23937659286892243,0.13829160952128494,0.04093661324529776,1.913820577453989
40987,0.154131913017206,1.7347642448621112,0.048567991679938013,10.83301576983058
41142,0.5130496031281768,1.847725084428219,0.06108729127214867,19.392394582620433
41208,0.3709544683650032,0.3822075832886061,0.04510064225311646,10.160137985469156
41227,0.8709965083281775,0.8207185778656927,0.06345164846140586,0.8507061217997899
41277,0.7142969941836348,0.2415747919424411,0.06220933026161217,21.81454944488809
41344,0.07429917731737729,1.1533756608084795,0.0667006370943845,0.02534655636382418
41474,0.5614648021053545,0.7916923413263822,0.051994758300141886,0.12788052950562565
41574,0.30923569175965926,1.3257725533246572,0.02550922208741925,4.743568555305542
41603,0.7739975760134444,1.3674434455238957,0.04613028755820376,78.60744570598202
41677,0.38031427557929065,0.9983294409662321,0.053881831467132636,130.40348362957528
41752,0.8890827291035227,0.3505217809913353,0.047469658049906376,3.002860729706293
41798,0.39080697554083293,0.20167531385759066,0.044435009580841255,13.893497192756374
41862,0.08638067674795852,1.778750195924068,0.07405679407280095,2.4916522829349024
42032,0.8268755469895085,0.07301258279776301,0.03544060420811505,28.21328575844433
42033,0.9417798334336736,1.8331280916402184,0.038911085765300626,6.016938015234289
42185,0.18732018455685845,1.6610228209054398,0.04347574959800266,59.490067594181646
42061,0.16204434714493166,0.813186846374937,0.048689866370284746,110.64816686790172
42334,0.24719335568528286,0.26917334426285866,0.049366088803050386,105.98770161146528
42354,0.7189032970249869,1.5211440098075668,0.07834506589008197,2.3335651162846687
42488,0.8124282785487585,0.9571883342375326,0.05014863159074557,23.564498594581664
42520,0.4267083937294735,1.2726886881225328,0.051299499335539143,50.15058069935601
42521,0.5573997543380229,1.9210787820608761,0.02859379944880298,0.43769448832194613
42934,0.575095788786858,0.5761328852829258,0.052829976089442496,47.0456147737609
43074,0.570001958758949,1.578709992027744,0.0500025221049997,247.17078017855476
43251,0.881001779303618,0.6779883401092093,0.052745680266900526,65.36698890668194
43368,0.16212094695594415,0.5834206859223844,0.046179988546770745,20.63574240494885
43664,0.3281394369214288,0.8487914239444837,0.05274463167301628,515.4991853861629
43786,0.9549655752026222,0.6309633585388178,0.04760630427027427,30.660505889068432
43646,0.6556488865817794,1.445061645460169,0.05200994425887612,279.2031673227613
43859,0.03564789128027701,1.3498787692027487,0.04658734915817403,1.5149054634163843
43981,0.18687416707662913,1.880234901431181,0.050995606785513126,110.38858775347302
44278,0.22276923470751492,0.10169677943975791,0.035584546422795384,2.2893923066560804
44888,0.13484776120837155,1.9418627203402539,0.07543213841401199,0.26187137305418645
44912,0.13493710189675956,1.6598584471436246,0.046412391537496774,143.31261355415424
44913,0.6753125046429855,0.3749794794751508,0.05600508687012344,193.76224905400971
44918,0.7061599307609836,1.3964152715911589,0.04749128583899974,811.3611865787175
44998,0.18868203647293796,0.19190660885369845,0.03557416213009093,83.36238456139772
45336,0.819588038768842,1.658050453078545,0.029969678029553897,4.584632377061562
45706,0.2190530396144266,0.3527530470287199,0.0514472695434016,225.81488735147204
45857,0.6445689977654943,1.3712850012303466,0.05235522070020454,54.822722771983734
45865,0.5164590109811591,1.885072117367755,0.03980932507023127,40.07110775920024
46007,0.7947672382564283,0.6477530829969733,0.058577795684880266,25.295111398438348
46196,0.6484208392452331,1.4877544964206249,0.04491508941463424,157.58698683253857
46303,0.04328700499967057,0.7951589995383022,0.059078628123615584,24.33552055544624
46360,0.27621715031788824,0.24532516225154408,0.027117433514287415,0.4586366830425176
46493,0.6173145248349174,0.3238299236965171,0.07799996489670949,19.42331300189764
46717,0.49496214391693066,0.6699359590429634,0.057738042362995276,221.68835164113221
46719,0.7677142041969989,0.08253340151394191,0.05102868386164805,1.3098789687256682
46731,0.13393650424843187,1.4801072435021334,0.0480121772411741,89.48051027021731
46852,0.46822957701899204,1.1340803941513835,0.024044343236412323,1.0976047742318777
46992,0.7944357239625813,0.16602758671423332,0.048906869609892926,111.96431980156471
47012,0.08664478620781976,1.5560769157167496,0.03986128037387443,230.0651819509206
47129,0.4589944822228241,1.7967651504786608,0.07756681348195218,1.3333199769925237
47205,0.8504123207969324,1.4425354519651332,0.06460814358362725,129.69550931883762
47267,0.7252629083162411,0.9146473575737184,0.050356972410452464,4.0985119581856795
47276,0.7478008279418956,0.5256579895314717,0.038660150151566444,50.591685667500144
47561,0.6293551280496178,1.0334924563375945,0.05010235732950941,22.84030670769276
47567,0.11509181323925863,1.7634533432768267,0.047714369910832284,37.415337379160725
47772,0.7873131120957098,0.25870510225390525,0.06281671733335491,113.1068522632014
47844,0.5752382016055498,0.059321755818200345,0.04396753528431849,4.988045409742313
47847,0.10960384029807524,1.3073989360951617,0.05849031016545372,24.022782968824206
47850,0.20827971837264042,0.714888888292392,0.07689962505274352,16.075663570111864
48097,0.27131937891573593,0.5231740017586152,0.02535925805619557,0.8908636819499188
48050,0.7785327437521307,0.6685044059651193,0.0504835092919175,944.0188947265136
48139,0.5034970024349557,1.1274961096423022,0.0378629878734081,1.1902070344775462
48259,0.12653312037869155,1.0957461576355436,0.026781172450576405,35.09425992401454
48289,0.036101447875650144,0.058100228184156555,0.07949336302304315,12.516412509461793
48310,0.15203869662086505,0.7751800614337199,0.06182231504735441,2.718485035303068
48548,0.9467898707640723,1.4227431902055834,0.03660226000338951,16.06142843130834
48629,0.07811088173125878,0.726708760297752,0.05295159520145918,27.70450440382807
48821,0.41536211655556554,0.11100089505242183,0.056886629777387995,33.80777210923225
47977,0.48073365260134604,1.2883310623119295,0.052641456811492196,2995.040057609859
49162,0.25221380374137436,0.1855451459764095,0.06820793959020233,1.3195132688595252
49215,0.8360152754393094,0.6143048190015394,0.05479024097749881,214.20548153401506
49228,0.45230003568098714,1.7961753591709613,0.07439282665703413,15.06542981306028
49258,0.826904579864236,0.1431093033667612,0.02953594144384039,6.06155060143925
49624,0.26100350566855907,1.2979678926588203,0.05933088421640703,129.88325856633412
49704,0.04922248082921137,0.6840467898979963,0.027011587753363236,1.1552355499343436
50091,0.8347796822660791,0.27471210115192096,0.06638853918571593,203.9558945658049
50240,0.4320844714028994,1.502017867359982,0.06572906941837414,4.511646855639133
50287,0.03980136414150961,1.6528801328220084,0.07660324099163028,10.21098237482216
50312,0.5366472195843264,0.9109964343014814,0.05960995939130037,1.706130555525955
50396,0.2663914797343458,0.8889962527345666,0.06144982444225603,83.61530460244715
50479,0.18249837443425307,0.47312416822811665,0.05000493673821266,47.91174328217861
50674,0.48683788990623683,1.8198830003584903,0.026301811819263228,40.626519281108585
50712,0.8554024871206027,1.8046462023651246,0.07562889622782189,28.47424683085788
50729,0.5586074209469676,0.09081924129762328,0.06083451587336994,22.542512590870768
50776,0.900492943263355,1.174514275388683,0.04814125672628765,61.316966086286556
50971,0.22696733770252403,1.8931718656951007,0.055554352244322314,51.39742399518541
51059,0.11043433202728628,0.03678934325690402,0.05094985406629975,3.6977712980549584
51182,0.7058673723127473,0.10464305126352332,0.04301042366238598,2.7887109085622903
51307,0.873095052976461,1.5663240493624786,0.04622927107881554,714.8537193355004
50887,0.32328903047621216,0.9323630351469301,0.05023820775159532,3079.8989224302586
51745,0.17231530499842615,1.8594832399401904,0.07664021192583946,17.587905658973217
51826,0.8080688766127111,1.078859305323583,0.05511301208185194,2586.702672098964
52243,0.42615521363677394,0.252889110232841,0.04994058259916991,144.49121268703055
52665,0.3518078953410639,1.8834067188494141,0.04405581305514619,87.33202145193657
54874,0.9479951202087185,0.9294834671076321,0.026116904644981585,0.6469899255470948
55639,0.7645810485949001,1.3530551355374754,0.0631657714933721,26.343516799691937
55697,0.8392716373713793,1.9084897427157144,0.04362720509730392,10.09069041485099
55913,0.7945159615434609,1.137867522066886,0.025297777177123677,1.0291271200445078
55919,0.8861475668478666,0.7575651008687846,0.042539440491911176,12.320915605682693
56593,0.012245973216189525,1.2291476616028285,0.05878774413609213,4.096005949012239
56684,0.9302954018536016,1.9500964842129949,0.06209085594824,0.5983547736883148
56711,0.348733426968694,1.8595460419899084,0.05816620627926953,161.49221517966566
57347,0.8532528451088374,1.766877994752247,0.04269166032091766,69.92559105546508
57467,0.06111541954426393,1.4058165709448,0.06799647974072152,1.34092744698805
52607,0.4808908112906184,0.9057317406151721,0.0507055806728878,34569.76770801192
57723,0.8048377741726942,1.2955938705004963,0.04500022057855418,2.318547318863984
57626,0.1184746332236032,1.701930428644016,0.047231374271331165,195.61512393090425
57903,0.7371071696794563,1.698515360121107,0.05850859765110266,182.15031548686343
58112,0.17685097706517064,1.1696992203032488,0.04087429055709051,3.6982056052688743
58339,0.9720544126740962,0.2760361862070004,0.05138105621564171,1.2600068260868058
58523,0.8411236635407107,1.0433769154238952,0.051813128857278984,2.449091190049231
58542,0.8495222103110088,0.23710500702931364,0.03514842354541048,0.8069760034751468
58562,0.6596574347432501,1.7949441997829192,0.044310762461421654,43.33969907145354
58670,0.9854974423381968,1.9450267938837982,0.05360702560054889,0.6069200303620159
59002,0.2359271921906983,1.8171169655327517,0.05569049805450387,0.6084071541877508
59082,0.9307923803238842,1.7964098370449075,0.0479211418696006,165.62391825985756
59241,0.03097013224302596,0.43497949751435155,0.049224276164082925,31.516325327627364
59288,0.9485903061911894,1.404210082218571,0.05567020502508596,6.099902110831641
59434,0.4846592103365417,1.4059614907057592,0.060726741617136946,41.73891987492418
59483,0.7533700647610355,1.66266501161867,0.07170851388288778,13.121227364440585
59510,0.14367919637311555,1.1938477733908002,0.06339584114407641,5.86314833454435
59656,0.9707774372875217,1.382648044747348,0.023819616130881537,2.9357008304581282
60006,0.11325057671595772,0.23909790190097988,0.040025490352477794,1.6484983418348835
60027,0.04993438151622141,1.258773125160601,0.060056694505729924,0.5033461533329955
60190,0.30029174329256575,1.2338491873311097,0.021077409758438692,3.3666120278633698
60521,0.7211612810930212,1.9198821688038668,0.053905345584129995,2.534870292351357
61097,0.7559523486746282,1.6188270549090664,0.07114435340574567,4.726475107768895
61436,0.4521207555014695,1.6452399950267382,0.06422001671740694,16.852812101679177
61445,0.954716349057402,1.8519553540162648,0.05155281005148918,8.384528669874413
60018,0.46153043922937265,0.6880290375124586,0.05099531446547373,2839.940458564818
61643,0.03725959898985821,1.7116289896873085,0.04704406338011057,32.288938807896585
61818,0.7054933535469703,1.2562064921544758,0.04620874704229737,43.49816179395974
61742,0.3151735667380347,1.1007643731047019,0.041807280769330046,24.355779793030557
62000,0.8294501734492442,1.6576168696717704,0.04832994718655852,129.30474272174595
62097,0.7287997677413969,0.5914618376454425,0.0546689444255963,49.37266938723906
62107,0.20558878382226722,1.9549489961656132,0.03734759061664135,1.4023765866042308
62255,0.5266038750100879,1.8701243595581865,0.024971415702147882,0.13456524157215555
62542,0.714189242297543,0.1983666231771659,0.060069077913263436,3.632056259032232
62956,0.7755565832795125,0.39953785931227204,0.04612290543606805,407.7767169591404
62968,0.05750909699336399,0.18306155605495275,0.04844960969384808,32.18292355680226
63041,0.4130903905444856,0.1142874471132388,0.051928009104048586,3.0383040058341684
62919,0.19334811631066812,0.7686659396045578,0.03824064542699287,16.601746491927837
63206,0.4281167504796403,1.8682713646858633,0.039160594798790915,0.9748445700689781
63253,0.04754975129167488,1.1133899271586112,0.0656159582967536,5.165781422601583
63348,0.9494589057128812,1.1145416406535988,0.048425747954027196,19.475329555124716
63423,0.6361675625089512,1.6381921678546214,0.03832719866227172,16.81805705017412
63426,0.13901951342648267,0.3524059083155186,0.05312778983578694,30.403459577524657
63478,0.27386661435207815,1.3525500487354885,0.025903204202547034,0.2395661687777974
63483,0.5943510234535889,1.2442736346208405,0.049831341801231444,10.23649641930074
63517,0.23505224923781282,0.9676350657216846,0.023788925126341377,0.3895139517077216
63642,0.8869704254731174,0.21564821756057798,0.07905215386314922,0.07251084192341796
63673,0.00020803762825616356,0.8328423868892971,0.04687925666674948,0.04196343253177688
63673,0.055265792703857376,1.8025442237700577,0.021565322481983812,0.01464399880924641
63681,0.642330638338878,0.448533343893164,0.04665725012885135,0.6092172393121559
63722,0.5645720702697764,0.08904673586349574,0.04734132942912417,0.08079385353989096
63885,0.5882446060326991,1.4802771665327588,0.03391619500281243,0.8282795181999281
63987,0.09494546288358137,0.5512358358184232,0.056482552241218835,2.2313171765879862
64200,0.7001172634423994,0.40076332805263776,0.0739132398643029,56.862852520727614
64297,0.5208565787125096,0.8352385979324368,0.01973582240620044,0.021963932299803007
64329,0.02760069240829162,0.6115285351266974,0.026295542148159212,1.9503574471683842
62135,0.1886492196317424,1.2935833575468574,0.049575013660616125,451.26822430626476
64515,0.5408235185677372,1.617372813097758,0.04005230171267629,8.399289979031995
64536,0.24759345566661806,1.827317182264649,0.06568741705556706,2.397227624260078
64545,0.3668512016123741,0.2316734375632727,0.025863170309413583,4.274063624679392
64547,0.9470183325478772,1.541716689613734,0.046259021046926516,0.7363083671961688
65267,0.2355427967598728,1.890358496985101,0.06253553534391186,53.535159167258946
65311,0.0184624133175724,0.6774545624849311,0.06118155011316855,2.677689782189805
65348,0.36398666863763585,0.9238613517047402,0.04851942761613101,6.712614566987687
65458,0.5975051099851996,1.4720102747888186,0.04417956895277669,191.048913857728
65581,0.09306547184970285,0.17999820040258518,0.061805292237474954,11.331319603803289
65595,0.583360403887707,0.26047986813837276,0.046516637181857626,2.046282153990973
65634,0.09190687874936071,0.7805291445859339,0.04783192162173816,3.448361072121607
66360,0.29767063493055057,1.8610485645976178,0.02748546494223867,9.245432459484952
66480,0.28900936040263664,1.249399283492099,0.05887262231010304,68.34508711466333
66586,0.12159523979190101,0.25753680168696164,0.05894284674827438,3.888057253476357
66590,0.8819235656844943,0.5556989266854172,0.031213771401334283,0.12108180942934167
66607,0.9243120350196838,1.1156704942838396,0.057584887347172806,2.6731799800111364
66657,0.5818472844578881,1.7679118969338876,0.07949957805629015,89.82180131509428
66831,0.434287003134656,0.4422125206950648,0.04051757708943695,5.477723248157059
66855,0.34887828032336776,0.06096056170145939,0.051650950968785435,1.1540167139593505
66913,0.07689647277379685,1.3569920268995088,0.04377541593014986,0.24156156559159214
67070,0.8736831458098508,1.7219428944949418,0.07732971042738507,2.147329314495141
67070,0.444709979138361,0.12539452941302018,0.02194773275260232,0.0383151077784469
67151,0.6466968520267001,0.7640619588500364,0.02030692093011612,1.5962224774834544
67358,0.02415338112774504,0.6437854382192095,0.05022327047466848,1.2279279193962436
67384,0.4488168494359251,0.04456697278263791,0.028662453627960757,0.2356026478942963
67395,0.1883232274578188,1.9148875737739983,0.06985192939117693,1.7464159740078018
67502,0.13767561732396885,1.1021541426845334,0.0389291894724506,9.118166354699348
67599,0.700149835767191,1.420510910374917,0.05226940983971859,242.62809558290104
66716,0.8207427875758389,0.3477607426900104,0.055627131659660316,357.6347407351635
67761,0.12892317322048552,0.23605941895974158,0.044884463017890494,37.04261190302145
67947,0.7017468316382787,0.07839877170211243,0.017807571954257383,0.017580645258830737
67998,0.5349089731729207,1.3499898565043948,0.06512028933592964,3.36251436939411
68026,0.26437289456658075,1.7936554631018888,0.0226571419744941,0.5756055483315711
68167,0.5758002988962483,0.22801592610996058,0.02041576792122337,2.1668473732346514
68171,0.9073877302298474,1.7975512069748927,0.04793476831413199,35.301584042047
68196,0.07704923340794818,0.614902722491221,0.04170432910239772,22.398981930872466
68368,0.11179507306296341,1.3217376126978964,0.05894643540799257,4.507255122111294
68719,0.08393523672725794,0.9338388026010479,0.045495172201878695,9.584743477024334
68915,0.9586715866366801,0.40449604393390587,0.04138217412214821,49.821109234125366
68936,0.03016840178392636,1.443815501201378,0.022362004567590934,0.8249054838477763
69147,0.003670884929186124,0.4976994493456932,0.03856596137398942,0.0370210396461653
69155,0.4223816557462697,1.5200944262045375,0.05748136544056207,24.760908640329294
69296,0.23365611944426376,1.756349743605662,0.053634642296058375,1.321582660399468
69398,0.09679250290363522,0.6563168629659157,0.07211574217952688,7.157844343314382
68329,0.6248851289858498,1.2238127173475681,0.05504829897549192,910.1273811186195
69418,0.12848336904627441,0.11805108680169081,0.04889635703937561,21.487599005597406
69440,0.1639713723172653,1.0282160804718952,0.0395285782806772,20.169866018360878
69534,0.038625185480422396,1.6444415715286216,0.049410873523946214,0.6238930397264364
70020,0.7842793916812346,0.15338463539181016,0.06143206525271298,6.199824101733677
70053,0.9420659709950927,0.6716326847311705,0.04944934108100681,23.689563222669676
70113,0.14521333435708378,1.0296756511017415,0.06264849167035265,17.172960512123357
70113,0.5744260141402748,1.8095549157772404,0.058553440446731476,7.268354521561714
70214,0.1600193113668061,1.802585922614941,0.04209724688571474,0.3908499280633585
70290,0.6731408258239799,1.308544652417945,0.05193209206061999,6.533510232433654
70444,0.6930442633285091,1.884031811518416,0.058791460555127274,82.10617739778142
70504,0.11479871424164399,1.927722267207175,0.02432110386239926,0.0327920447640139
70553,0.33740222009184884,0.21124123234782005,0.04533778739259224,26.106413574831475
70623,0.5009395767605405,0.8412028906688457,0.02228119050794626,0.024123711649322595
70845,0.7230851267409117,1.849213605796261,0.05967819297494524,117.05347553141611
70966,0.08099835621702846,0.2902948451743816,0.044669001749298144,8.846978911825788
70979,0.5650139954570391,0.7021688450966993,0.021578471416550404,0.03336942448198409
71018,0.9405207519628276,0.4426073568768475,0.0263473195981869,3.4031014650609044
71225,0.8271410826576184,1.4004865913548317,0.04117886803330747,18.49294093242833
71284,0.8697360673244557,0.8314387535602193,0.07759402536708104,0.8060994751391178
71287,0.44680318180130746,0.374877825056038,0.05584109337104466,13.04706312607809
71414,0.5133769893065238,0.8726319141216513,0.030238552963601763,0.023283293647395426
71618,0.761081594364617,1.8723082341441424,0.028114546744327246,3.80370468932968
71957,0.9035514691129538,1.0250349287075964,0.0771515985306719,2.451872298787756
72046,0.34438139009516655,0.12403808416322006,0.05094353412075409,35.41154532862188
72085,0.9062413176379882,0.5406968188700018,0.03716181324411311,4.087110222898933
72095,0.8684084042821366,0.19843212457102574,0.025911836438451994,0.08663194501618308
72368,0.846159396374774,0.6411467021450381,0.04218631139483022,8.500489371638366
70558,0.39274869588794,1.1352253632363596,0.049586074133409416,640.7551317573191
72589,0.8349626602190512,0.08637797324238844,0.04126389475487625,53.00052880740948
72651,0.8263820163309245,0.9632205852538738,0.020680980574335817,1.5209256842577306
72735,0.8142505235587215,0.8199898325171797,0.047774740344166414,20.977393807717995
72785,0.3165199226390611,1.3959931684336624,0.060114828170071015,3.1656263501960624
72909,-0.005293933183438572,1.3480847959473932,0.022055753792742407,0.03139725945271497
73004,0.3453322788746011,0.3315788283409762,0.03442285842916134,0.3840219988328582
73082,0.6173020501066399,1.836298363869601,0.06637673200910038,21.921923306953108
73086,0.281372270335131,0.8184141562024743,0.034279108993423915,0.431502861293337
73089,0.09363574423513346,0.18191648733414761,0.02920145381848216,10.284838512210655
73135,0.923567771985871,0.2132415567051339,0.04768684105620884,339.45113361263407
73175,0.01793552819279959,1.542775915353387,0.03102668860177757,0.1957025450766296
73198,0.8701763348622794,0.9170197019430555,0.05842031614320037,14.937113196767868
73229,0.481088520251104,1.2609116539458274,0.038636764249477894,7.273075433693463
73296,0.15843640758667282,1.7897820755300877,0.06321562285313391,0.10031966134981835
73401,0.33378556905572604,0.36439615191610564,0.05218103694963775,22.4033744072369
73429,0.6614270016373064,0.6753177102778112,0.0240009090115844,0.058547898554006814
73524,0.8767562917402726,1.606482442882994,0.03200550473241571,4.190315284502028
73616,0.05258813569247749,0.9688124594459996,0.07453897370067043,0.1286436048292001
73623,0.0282206706409654,1.2128741977642064,0.0219232646438133,0.20018167884403978
73625,0.7914071019402157,0.1788005151600523,0.07128122633109132,0.031266002336618685
73658,0.33567411369189915,1.76701056932287,0.04990903600770405,1.1236356551479458
73665,0.487562028145406,1.468581464958937,0.024052206227684902,0.8514353149293288
73834,0.9478762357135219,0.23462548228196098,0.05894156053859518,7.059202404885701
73888,0.11458283700582704,0.6048259323239142,0.052247226751340345,8.592162328841695
73899,-0.008340162172303054,1.2993918301582874,0.01967552818647338,0.44324817664385363
73933,0.16952319058604243,1.930339410625777,0.05817785642473136,0.11087042367929831
73975,-0.003991042764114262,1.553039184979411,0.023769216349282273,0.06160837488441291
74061,0.9620086305252817,1.5982388401483691,0.07115834380075135,30.724282898814792
74186,0.009756659731400904,0.12740771907420942,0.057327131474804595,5.364164397165827
74321,0.8925129846640725,0.07913957610130895,0.054370188958930525,7.736121769125802
74491,0.5612871711970546,0.2763774142282731,0.025454176769815304,0.4230417608786857
74546,0.982126021167438,1.2466449170137015,0.0483674956575742,0.10581242036600001
74617,0.8614920949721903,1.576326098153152,0.01890083343059815,0.25264899674071595
74927,0.9313320877142015,1.8241650872183162,0.05208279674151433,27.443826109968008
75228,1.000597285204883,0.6708024551627394,0.059843219247179204,2.888772062682507
75468,0.9360763284153033,1.9006759242290427,0.024733872220629477,5.7524994059201155
75474,0.06959883999989717,1.2453537976373055,0.058386653991199834,0.38761654353339225
75713,0.4380356550801442,1.924426873366183,0.05096340248031436,0.41998084159619703
76103,0.024910370708786295,1.0974898658980141,0.04280618732270609,2.078899825040209
75863,0.4878386502934936,1.5797127349922124,0.05181816188821917,49.159968299782776
76538,0.004353379951438251,0.9313772338808505,0.07286908317265571,0.08089046845405996
76588,0.004343569905068,1.2325925623863487,0.07223349786670188,0.07529048605480192
73686,0.5175848815338879,0.8278235307133646,0.05131689067444589,1065.1862078074537
76677,0.686907626872042,1.260636294478489,0.05269172080827765,16.07008200191674
76692,0.3218217574157439,1.879911877307458,0.05109264935987549,3.8905203134856503
76739,0.9364537971067668,1.8558822880442403,0.038715094587449754,11.048482081304355
77024,0.4855205919598084,1.9658596315480361,0.08126256918520758,0.022863947021842235
77073,0.37522158011907814,1.1145827064949172,0.07175161637352681,4.533292391645043
77170,0.8703793370419912,1.6076162405726193,0.016859332419450698,1.6864264990546263
77192,0.2941732161300555,0.9135030159939287,0.050908280790821756,32.85545697098471
77748,0.15626539131561287,1.8982492534227897,0.030890109875660637,0.03968202807726361
77835,0.43974605519737686,1.6797954789285323,0.024547580216367167,1.3845436276745673
77652,0.5544072526436555,0.542158386528889,0.047253221068211705,43.567478759071555
78198,0.6133224890986988,0.07075786006923071,0.01795627030607974,81.50900691287879
78316,0.4207438333866247,1.445401340492923,0.04360415854903392,0.6506344722828966
78346,0.4452184986182061,0.32972434092193653,0.02212734475220109,4.371060238269773
78590,0.5962344371336541,0.4947716190451612,0.07974088974219173,0.062026208087517326
78716,0.39203965684617775,1.608532343029965,0.04335218612853174,11.160583317583743
79043,0.6423982723093404,0.46471576529910963,0.06543727157445695,0.24270562631360693
79046,0.3085959824091062,1.384528083767329,0.05064374611139498,7.325710909092713
79424,0.10612014873274586,0.8058070166514124,0.06049346574647986,0.24655182583649488
79495,0.16542657926717524,0.29727330574144367,0.048686610710291775,11.519060523956254
80043,0.32276207591034745,1.2908316784640674,0.05983373382513924,3.347928756989117
80181,0.2988528030872467,1.845242774683982,0.04839123072912763,0.16040788915953272
80391,0.09407230121576873,1.0772909322021553,0.05610732656398087,0.07267951558834111
80525,0.2095626082416023,0.5782824491404712,0.05783842464448208,1.781492028848556
81271,0.5666621670890775,1.0125631112810107,0.03869558165477703,3.2107653622279595
81285,0.2590470600984509,0.650067445495612,0.04326854640441465,0.24152065691113567
81633,0.3034965353627471,0.3475388569261649,0.03854924737077297,0.021442634944565945
81796,0.5756793214765528,0.9341366889370587,0.053415805944996786,0.0314539320607267
81839,0.33315182428253587,1.58256952696672,0.06547138239566463,0.12300907572665468
82071,0.761929751136818,1.3392519378765373,0.07177924719981459,19.454079429963095
82120,0.19191393172448085,0.43637150971919236,0.07038494673636977,6.333629171194296
82131,0.5802683828127783,0.6957966302896841,0.04661572544361147,13.834304871825921
82151,0.4934167553666942,1.1968418839617887,0.07788076878741496,0.028846771460677868
82368,0.3477204908714123,0.938636317627251,0.048239114262542133,0.0632519763713164
82413,0.5625654776908552,1.374678216956354,0.06359522792313338,23.13885309158744
82433,0.5367507143848528,1.8868614689389915,0.07349299722485647,0.17133237419898742
82612,0.5400493446361516,0.3113051876287115,0.030349008831375764,3.995135279141829
82692,0.28882900542867024,0.6380961965477281,0.07739281550035439,0.5022528667980214
82713,0.31908138592337837,0.07726350942752745,0.07667817887219254,0.6277657969952295
82743,0.98328566689062,0.061581350617372715,0.07404548614352531,1.3656042926192185
82905,0.5365948029111944,0.42095582568179146,0.036357792227305244,0.11985630212618034
83051,0.29159020290087606,1.5593822815274443,0.04491844549483697,0.09350417067910424
83088,0.7463008228766826,0.593591877441245,0.0818655248455017,1.809199306088586
83035,0.6578177951644095,1.6752135639111538,0.041464088763649265,14.47824734859673
83306,0.2887434175426894,0.2239147626751592,0.046612241201917655,10.871676098731085
83607,0.40563209641367787,0.7079824244962685,0.05687724728189394,2.2837125954942183
83675,0.3488310313901544,1.923356625490624,0.026295680201430326,0.07309721282466623
83693,0.542689632186223,0.2856529733182366,0.047074332081546585,27.03285150130155
83503,0.4834181571120637,1.2869242313834535,0.0493736959234321,35.13474323972305
83890,0.7582989155652542,1.8142922973622102,0.05007139974456942,2.189568653982435
84870,0.6909449352715513,0.9408608214270967,0.020223502375460254,1.2663332098552857
85029,0.8333631959076047,0.48733043498842216,0.027873771773776188,1.6928991833797788
85863,0.6625800441856251,0.9139666986201427,0.01853088017739734,0.18939468921250413
86395,0.19787306267067692,1.0842047707615352,0.052938775012634304,3.281465397903178
86432,0.4042769567657122,1.7340277323367983,0.05529168937773517,8.7296256873759
86534,0.9491780257195502,1.8881688790873923,0.05067688483131224,4.5445883578007376
86585,0.44636608347351836,0.3110496826607971,0.08019950954981495,2.329241699110238
86227,0.7573497303228683,0.5374631513666196,0.04319327256165004,421.09168733557806
86943,0.03303673667911249,1.5940773851982166,0.08170680577542813,0.19143305886831546
87031,0.6554912432758471,1.2756475296953675,0.07401243009696894,0.27905087164566844
87113,0.1943394125394944,0.8465054366244624,0.025790310628627206,0.0624660359187051
87144,0.2702733179985499,0.2539610772312898,0.044507715401338875,2.3487981348887903
87207,0.9489127074528974,1.3379152388694484,0.053957336148798704,13.546196570644323
87255,0.20336121881288927,1.341751268894545,0.026875577778541247,0.038675490264611534
87316,0.022513684189592768,1.0225673995041809,0.03125686077500442,0.13448273880711092
87385,0.04628743679774274,1.8175856337324598,0.07197244206905533,0.06002814978862812
87633,0.7831448439911123,0.8066328966956807,0.04787612795042765,75.39669824742458
87666,0.5407505101600657,1.43058035694747,0.025682729139379835,19.817818001003108
88159,0.536795370092231,1.0853773396069284,0.02406714682799063,0.44384693189483404
88190,0.8701453722696739,0.6707202605989488,0.049550903744377754,29.7533814556659
88418,1.002533358663722,1.3512077601867971,0.04931281651044157,0.7242929889021287
88437,0.904962493382157,1.723298576395448,0.07574645603443447,0.5533195000529874
88521,0.06182925645722689,1.619951950328628,0.06722485528824508,0.17519652320278817
88538,0.6150133392657743,0.05489520800285766,0.03244784688575452,1.1322828464904804
88746,0.6396076940481321,0.3734935081419528,0.07152530140637599,0.12290405393337811
88798,0.8551472029234676,1.1977660818833344,0.035549615626695376,3.086143125896845
88880,0.3987366034166696,1.927470496105031,0.07733197185329824,2.3468137644709057
89019,0.7915987221207628,0.7169264946967082,0.04285592521971551,0.6827533790437506
89023,0.696619213146818,0.39814512764104215,0.02959931661076072,0.8956054498728396
89164,0.6679517387572779,1.4111589830377376,0.02571521720730969,1.8839901659284404
89293,0.9561289468912932,1.0724961364371457,0.060021748323135816,0.29971409640917435
89193,0.64433075155072,1.26775390052846,0.05680712748217262,15.883275536920417
89483,1.0061228820178096,0.057550636847645276,0.0775750345039787,0.3250066397819932
89558,0.7259547559049261,0.31231127679928267,0.023455405668625005,0.03637918276845746
89629,0.24036919301756837,1.8063388503339142,0.062076491243574256,0.12884203089871366
89762,0.3953985794120834,0.15529593116209534,0.07696867493881566,0.05861658612589895
90205,0.29858344185147606,1.7702831370179553,0.026609363388675946,0.4335598806851724
90377,0.33518139913192085,0.26895378679011867,0.060599822591969034,2.217400023521406
90563,0.9379812129335566,0.5676021494980981,0.027495541393264416,3.247003355415843
91100,0.3570513454704447,0.5667270080598067,0.06554531914916115,0.3388192389264642
91421,0.41679115027729896,1.1486225121749798,0.02582435802560304,0.0827400563199279
91872,0.7353225942530324,0.9059023149802259,0.02150725429840775,0.9396006499029853
91994,0.9566008361544095,0.05794248083272084,0.05041506428880505,0.10703761267327062
92403,0.2361516063762922,0.2941864358183459,0.043431186864114124,0.3784625824088383
92521,0.7746752688316713,0.671112712409663,0.06592083082103639,0.1724918620654265
